0.9979689210,-0.0399728334,-0.0038854252,0.0022505414,0.0191478048,0.0061883429,0.0020076816
-0.0399728334,0.2131944513,-0.0763657240,0.0549151935,0.3751033287,0.1226199223,0.0394866429
-0.0038854252,-0.0763657240,0.9924784504,-0.0049654534,0.0381451378,0.0111141649,0.0038631095
0.0022505414,0.0549151935,-0.0049654534,0.0294955246,0.1370423580,-0.0824591865,0.0001187984
0.0191478048,0.3751033287,0.0381451378,0.1370423580,0.7936122524,-0.0459798921,-0.0193103513
0.0061883429,0.1226199223,0.0111141649,-0.0824591865,-0.0459798921,0.9752406272,-0.0059340334
0.0020076816,0.0394866429,0.0038631095,0.0001187984,-0.0193103513,-0.0059340334,0.9980097731
