0.4363681573,0.0851450063,0.4257250315,0.0425725032,0.0212862516,0.1490037610,0.7724142110
-0.6226171266,-0.0567031065,-0.3815868798,-0.0538301075,-0.0266956180,-0.2668082174,0.6234798819
-0.6160864632,-0.0209610472,0.7743516473,0.0226112565,0.0127865105,0.1009717746,-0.0975067574
0.2054722130,-0.4456859253,0.2578301961,-0.1358886642,-0.0781457363,-0.8162946496,-0.0419449107
-0.0047665463,-0.8635729999,-0.0764634597,-0.0977793955,-0.1178016280,0.4707298635,0.0578589238
-0.0106813527,-0.1440077148,-0.0278061641,0.9811476730,-0.0895537658,-0.0877346546,0.0025497527
0.0035458730,0.1548006071,0.0208068150,-0.0640416830,-0.9852242831,0.0281962085,-0.0052937673
