0.4363681573,-0.6226171266,-0.6160865109,0.2054720698,-0.0047665501,-0.0106595433,0.0036108985
0.0851450063,-0.0567031065,-0.0209609570,-0.4456859922,-0.8635729493,-0.1430618998,0.1556752206
0.4257250315,-0.3815868798,0.7743515862,0.2578303703,-0.0764634849,-0.0276788716,0.0209758723
0.0425725032,-0.0538301075,0.0226112898,-0.1358886790,-0.0977795279,0.9807392049,-0.0700190962
0.0212862516,-0.0266956180,0.0127865280,-0.0781457130,-0.1178016003,-0.0955555599,-0.9846603016
0.1490037610,-0.2668082174,0.1009719704,-0.8162945929,0.4707299311,-0.0875611576,0.0287302757
0.7724142110,0.6234798819,-0.0975067469,-0.0419449292,0.0578589278,0.0025174559,-0.0053092067
