0.0003305896,0.0001792759,0.0005115052,0.0035511703,-0.0016753792,0.0003508573,-0.0000550935
0.0001792759,0.0154628678,0.0058113646,0.0231923038,0.0011665490,-0.0003856808,-0.0016773967
0.0005115052,0.0058113646,0.0053869799,0.0094159392,-0.0018891937,0.0012110135,-0.0012684632
0.0035511703,0.0231923038,0.0094159392,0.4000200691,-0.0047884135,0.0412999247,-0.0024726742
-0.0016753792,0.0011665490,-0.0018891937,-0.0047884135,0.0651366900,0.0014340834,0.0009550751
0.0003508573,-0.0003856808,0.0012110135,0.0412999247,0.0014340834,0.0122288351,-0.0001037764
-0.0000550935,-0.0016773967,-0.0012684632,-0.0024726742,0.0009550751,-0.0001037764,0.0003396835
