0.3415931475,-0.0643385337,0.0119945828,-0.0413387398,0.0237241669,0.1335093231,-0.0672448502
-0.0643385337,0.3305235587,-0.0380585215,0.0953554327,0.0862076941,-0.0059346702,0.0119872665
0.0119945828,-0.0380585215,0.2262092583,-0.0053231555,0.0043104430,0.0489846466,-0.0525944329
-0.0413387398,0.0953554327,-0.0053231555,0.4502397583,0.0814729731,0.0034918651,-0.0196862779
0.0237241669,0.0862076941,0.0043104430,0.0814729731,0.4462220795,0.1457237482,-0.0026010892
0.1335093231,-0.0059346702,0.0489846466,0.0034918651,0.1457237482,0.3885068192,-0.0581031801
-0.0672448502,0.0119872665,-0.0525944329,-0.0196862779,-0.0026010892,-0.0581031801,0.3274000506
