0.6723606061,-0.2247238405,0.3706813807,0.0441534893,0.0293281362,0.1451998755,0.0921610382
-0.2247238405,0.5317723148,0.1913615387,0.0430123247,0.3350543394,-0.2045933918,-0.0768150414
0.3706813807,0.1913615387,0.5680321785,-0.0474056691,0.0298727103,-0.2251753486,-0.1323030018
0.0441534893,0.0430123247,-0.0474056691,0.9935339901,-0.0167146092,-0.0072410126,-0.0067455165
0.0293281362,0.3350543394,0.0298727103,-0.0167146092,0.6815877563,0.2920063392,0.1321547489
0.1451998755,-0.2045933918,-0.2251753486,-0.0072410126,0.2920063392,0.6410631983,-0.1764529463
0.0921610382,-0.0768150414,-0.1323030018,-0.0067455165,0.1321547489,-0.1764529463,0.9116499560
