0.9373157740,-0.0183205778,-0.0138026532,-0.0052171813,-0.0032969902,0.0353773379,-0.0162883611
-0.0183205778,0.9427963349,-0.0188346345,0.0136414895,0.0162895198,0.0004845170,-0.0034574480
-0.0138026532,-0.0188346345,0.9029686697,0.0005964995,-0.0014500681,0.0197397188,-0.0225571463
-0.0052171813,0.0136414895,0.0005964995,0.9740194967,0.0076683664,-0.0021576931,-0.0063826945
-0.0032969902,0.0162895198,-0.0014500681,0.0076683664,0.9621737783,0.0296271012,0.0055617149
0.0353773379,0.0004845170,0.0197397188,-0.0021576931,0.0296271012,0.9387163719,-0.0052846184
-0.0162883611,-0.0034574480,-0.0225571463,-0.0063826945,0.0055617149,-0.0052846184,0.9499394795
