0.0123399339,-0.0025955755,0.0007554348,-0.0017615419,0.0014090837,0.0057805615,-0.0028862419
-0.0025955755,0.0117334869,-0.0014314667,0.0043286279,0.0038507267,-0.0001004200,0.0005394867
0.0007554348,-0.0014314667,0.0074829805,-0.0002688250,0.0003166874,0.0020504306,-0.0020196275
-0.0017615419,0.0043286279,-0.0002688250,0.0166804176,0.0040858302,0.0004777664,-0.0007335941
0.0014090837,0.0038507267,0.0003166874,0.0040858302,0.0172262107,0.0067067838,-0.0005174620
0.0057805615,-0.0001004200,0.0020504306,0.0004777664,0.0067067838,0.0148564492,-0.0027375464
-0.0028862419,0.0005394867,-0.0020196275,-0.0007335941,-0.0005174620,-0.0027375464,0.0112746320
