0.2789039476,0.2552513897,-0.2777877389,-0.5013520332,0.6183340126,-0.2489790077,-0.2901929178
0.3365418488,0.1870788894,-0.5465525664,0.6135167205,-0.0942503565,0.1522503292,-0.3802042959
0.4511213333,-0.6343584118,-0.3710353882,-0.3136421041,-0.3453560013,-0.1297617751,0.1480926512
0.2053222765,-0.3274602416,0.1462428132,0.5155850574,0.5400627201,-0.3807747603,0.3560062941
0.3454856473,-0.0995306461,0.1427128407,-0.0770038041,0.3142052008,0.8430286318,0.1871218719
0.4883369685,-0.0510327381,0.6645822394,0.0261032781,-0.1766181207,-0.1357639153,-0.5166681038
0.4532671951,0.6145703563,0.0549866962,-0.0378561046,-0.2606195331,-0.1545077341,0.5662157934
