0.3371144048,0.3736533583,0.4157013554,0.2839729935,0.4806938803,0.3724649919,0.3514142729
0.6503236981,-0.4830909416,-0.1212725855,0.1166992577,-0.3912621475,0.3996689401,0.0505484255
-0.2229611292,0.2419323547,-0.1451885290,-0.5728709743,-0.0636822658,0.7278639290,-0.0930315988
0.2259997708,0.2949809070,-0.8708223843,0.1073415444,0.2537545131,-0.0769938334,0.1474351812
-0.1595854581,-0.5683991249,-0.1038446657,0.1057775087,0.6747717196,0.2159774007,-0.3570983187
-0.2899584815,-0.3936671305,-0.0681293864,-0.1912427595,0.0693038734,-0.0079494666,0.8454990492
0.5030924018,-0.0583946531,0.1328483396,-0.7199129027,0.2954329720,-0.3451248860,-0.0342491325
