0.0000170303,0.0001071680,0.0000295169,-0.0000193205,-0.0000612022,-0.0000018597,-0.0000064009
0.0001071680,0.0023458189,0.0001884097,-0.0004175716,-0.0007400728,-0.0002754478,-0.0001097138
0.0000295169,0.0001884097,0.0001647422,0.0000724167,-0.0001529137,0.0000501249,-0.0000348965
-0.0000193205,-0.0004175716,0.0000724167,0.0122416051,-0.0017700139,0.0010034743,-0.0000123339
-0.0000612022,-0.0007400728,-0.0001529137,-0.0017700139,0.0012842527,0.0001334501,0.0000546122
-0.0000018597,-0.0002754478,0.0000501249,0.0010034743,0.0001334501,0.0003925595,0.0000016159
-0.0000064009,-0.0001097138,-0.0000348965,-0.0000123339,0.0000546122,0.0000016159,0.0000105258
