0.0029947747,0.0002145279,0.0043571413,0.0083241987,-0.0137331147,0.0007456372,-0.0003341796
0.0002145279,0.1417969507,0.0528307470,0.0508133795,0.0116232325,-0.0223782678,-0.0153927619
0.0043571413,0.0528307470,0.0515191691,0.0189533554,-0.0149754588,0.0044979588,-0.0120444640
0.0083241987,0.0508133795,0.0189533554,0.9619903195,-0.0075817669,0.0944400404,-0.0050702658
-0.0137331147,0.0116232325,-0.0149754588,-0.0075817669,0.5458378233,0.0151545294,0.0077892877
0.0007456372,-0.0223782678,0.0044979588,0.0944400404,0.0151545294,0.0884232404,0.0009168204
-0.0003341796,-0.0153927619,-0.0120444640,-0.0050702658,0.0077892877,0.0009168204,0.0032172089
