0.9992855212,0.0000747706,-0.0009118551,-0.0085779097,0.0252858029,-0.0000802905,0.0004152481
0.0000747706,0.9959304611,-0.0007995041,-0.0589515116,-0.0229930793,-0.0069547669,0.0000418659
-0.0009118551,-0.0007995041,0.9986390602,-0.0241343373,0.0277879619,-0.0016366880,0.0005487605
-0.0085779097,-0.0589515116,-0.0241343373,0.0151396006,0.0037661694,-0.1035659758,0.0062426117
0.0252858029,-0.0229930793,0.0277879619,0.0037661694,0.0031947677,-0.0320400405,-0.0142684468
-0.0000802905,-0.0069547669,-0.0016366880,-0.1035659758,-0.0320400405,0.9880537196,0.0001929350
0.0004152481,0.0000418659,0.0005487605,0.0062426117,-0.0142684468,0.0001929350,0.9997568696
